; where the lines of this interface stand in the package's sources,
; written by compiler/Interface.scaly: after a file's path, the interface
; line starting at the first byte is the source's line starting at the second
json/Reader.scaly
3575 4101
3830 7957
4484 8871
4648 9150
4772 9430
5340 10058
5540 10414
5634 12636
5869 13318
6017 13466
6173 13627
6317 13752
6393 13817
6534 13939
6625 14027
6715 14885
7042 16825
7189 17359
7285 17610
7419 17963
7505 18731
7702 18999
8096 19631
8173 19724
8252 20096
8417 21455
8548 21629
8607 21786
8709 23090
8813 23409
9036 23894
9424 26197
9515 26541
9777 27918
9878 28046
10131 28712
10563 30470
10739 31355
json/Value.scaly
2493 2464
2646 2835
2883 3417
3034 4188
3188 4974
4192 6072
4270 6244
4350 6420
4428 6592
4507 6766
4587 6942
4664 7111
4843 7420
5002 7683
5167 7953
5317 8225
5465 8599
5673 9295
5823 9614
5987 9991
6147 10550
6237 10995
6401 11381
6501 11705
7458 21532
7954 22129
8404 22748
8626 23188
8873 24015
9012 24502
9253 24731
9338 24813
json/Writer.scaly
1363 1334
1455 1515
1562 1612
1666 1731
1766 1897
1826 2063
1884 2204
1943 2369
2000 2509
2135 2780
2220 2887
2283 3462
2472 3676
2555 3849
2632 3953
3223 13724
3387 13913
3586 14320
3944 17148
4181 17728
4258 17814
4338 18163
4488 18726
4744 19029
4851 19114
4963 19903
5148 20134
5259 21612
5338 21783
5431 21846
5514 21973
