; where the lines of this interface stand in the package's sources,
; written by compiler/Interface.scaly: after a file's path, the interface
; line starting at the first byte is the source's line starting at the second
scalyls/rpc.scaly
967 1627
1125 2163
1375 3554
1540 4195
1678 4836
1799 5402
1910 5958
2395 6871
2493 7281
2610 8319
2679 9199
2774 9618
scalyls/diagnostics.scaly
4040 10365
4447 11533
5355 12880
6116 14151
7500 17959
8676 20022
9351 21839
9620 22892
10089 23592
10335 23893
11259 25334
11515 25849
11779 26906
12036 27193
12275 27567
12432 27916
14425 32971
14667 33531
14874 35130
15030 35548
15308 35944
15431 36205
15554 36435
scalyls/symindex.scaly
3762 3760
3805 3801
4806 4797
5179 5170
5280 5271
5507 6065
5749 6320
6005 6764
6226 7095
6381 7623
6654 8037
6988 8541
7215 9223
7442 9905
7709 10935
8568 12331
8753 12903
8910 13105
9116 13468
9431 14377
9515 14913
9603 15461
scalyls/grammar.scaly
653 3115
1038 3953
1316 4411
1560 4841
scalyls/nameset.scaly
2770 3226
3048 3626
3215 4207
3458 4816
3552 4951
3976 6137
4363 7435
4596 8560
scalyls/symbols.scaly
3273 3268
3303 3293
3334 3319
3363 3343
3394 3369
5320 5293
5350 5318
5380 5343
5411 5369
5441 5394
5472 5424
5614 5660
6288 6791
6618 8559
6956 9987
7209 10784
7512 11138
7741 11482
8286 12779
8550 14225
8873 15270
9142 16539
9447 18818
9854 19971
10743 20920
10861 21098
11282 22050
11558 22662
11794 26403
12060 28043
12283 28540
12662 29063
12828 29278
13249 29865
13591 30337
13914 31761
14302 33337
14425 33598
15393 35451
18638 40058
18846 40503
20589 43059
20816 44746
21810 46982
22168 48270
22711 49661
23163 51201
24645 54060
24925 55416
25185 56125
25334 56511
25811 57295
26104 58917
26290 60692
26458 61620
26883 63447
27345 65264
27513 65686
27713 66187
27896 66549
28085 66865
28263 67599
28423 68024
28635 68458
28763 70032
29043 71207
29230 71892
29425 72609
29635 73939
29836 74798
30045 75949
30322 77352
30688 78204
30860 78859
31111 79449
31382 79980
31508 80167
33159 101545
33410 101821
33834 102640
35828 106091
35995 106469
36140 107218
36221 107367
36301 107491
36381 107615
36541 107907
36690 108110
37446 109502
37789 109907
38003 110325
39470 111962
39828 113902
40094 114702
40606 115211
40768 115354
41083 116028
41341 116431
41632 117453
41914 118597
42116 119266
42335 119912
42541 121041
42750 122073
42943 122906
43147 123779
43355 124059
43551 125304
43947 128578
44486 131020
44676 132089
46194 135059
46398 135271
47143 136444
48248 138203
48644 140304
48888 140741
49249 141383
49534 142988
49744 143919
49968 145414
50184 146756
50626 147568
50851 148585
51173 149042
51336 149340
51636 149835
52062 150425
52274 151565
52489 152728
52715 154849
56087 160007
56975 161486
57721 162972
59399 172426
59670 172766
62426 175866
62784 176651
63112 177774
65710 182342
66139 183671
66377 184168
66610 184540
66918 185420
67151 186317
67389 186693
67617 187447
68487 188481
69113 189446
69978 191671
70792 193904
71241 196378
71421 196718
71734 197395
72035 198047
73590 199604
73816 199940
74056 200412
74454 201711
74631 202149
74808 202466
75135 203238
75313 203943
75594 205474
75824 206103
76063 206595
76606 207604
77368 209234
77700 210451
77853 211056
78006 211556
78163 212493
78510 213282
78730 214347
78882 214663
79388 216217
79928 217915
80415 219615
80834 220533
81255 221330
81707 222670
81984 223681
82205 224230
82654 225651
82910 226421
83993 228106
84188 228730
84471 229608
84759 230872
84975 232310
85179 233156
85469 235726
86745 237626
87339 238684
87533 239547
87747 240551
87954 241289
88138 242090
88368 242432
90222 244486
90460 244692
91033 245987
91200 246315
91399 246678
91867 247490
92238 248724
92393 248982
93285 250001
94937 252006
95228 253410
95498 254135
96064 255404
96341 255810
96570 257304
96786 258235
97100 259672
97446 260721
97630 261193
97833 261702
98131 262135
98231 262369
99486 264388
99646 264876
100013 266174
100324 267377
100622 268844
100882 269726
101170 270637
101817 271987
102042 272868
102266 273830
102504 274586
102742 275412
103488 276265
103788 276606
104176 277258
107011 280372
107603 281085
107989 282105
108594 283459
109119 284893
109339 285387
109559 285755
110009 287073
110230 287829
111871 292019
112545 292999
113996 297502
114344 298550
115450 300205
116949 305843
117424 306432
117894 306987
118765 308155
118989 308602
119170 309055
119710 310284
121367 315065
122186 318389
122597 319089
123009 319962
124551 322740
125066 325372
125698 328773
126189 329540
126720 330974
127286 331838
127583 332985
129495 335017
129829 335632
130007 337298
130671 339021
131184 340955
132268 342501
132484 342987
132676 343544
132801 346989
133376 348615
133668 349738
134718 351170
135053 351889
135378 352750
135561 353443
137941 356967
138126 357284
138264 357441
138830 358478
139059 358832
139247 359390
141098 362568
141625 364469
142096 366826
142430 368640
142675 369792
142961 371110
144351 373377
144605 374445
144852 375782
145126 376716
145505 378606
146028 379649
146604 381142
147538 384054
147730 384517
148015 385114
148285 385858
149861 388988
150228 389492
150545 390251
150685 390439
150876 390859
151088 391407
153120 393621
153225 393936
153474 395579
153797 395979
154369 398157
154637 398861
154779 399050
156605 401527
156939 402253
157983 405228
158305 405596
158588 406547
159201 410078
159429 411022
160115 413619
161565 418322
161789 419048
161985 420075
162254 420807
162432 421635
162910 422728
163184 423299
163788 426542
164195 428124
164725 429864
165062 431483
165238 432202
165925 436777
166531 438794
167214 440377
167392 440934
167562 441577
167816 442706
169126 446707
169431 447446
169854 448200
170103 448788
170611 450031
171579 451322
172611 455372
173202 456409
173560 457527
173750 458023
174073 459372
174348 459869
174882 460596
175080 461044
175363 461589
176094 463443
176361 463862
178263 467652
179068 470810
179379 471898
180389 476532
180668 477082
181073 478367
181470 479543
183146 483431
183715 485152
184015 485943
184534 487379
184822 488280
187274 491523
187394 491909
187530 492208
187667 492843
187804 493381
187945 494291
188081 495250
188217 495786
188355 496593
188480 497767
188757 499422
189043 500784
189216 501503
189540 502813
189864 507959
190304 509278
191029 511310
191614 514269
191970 515050
192312 516177
192678 517392
193162 518490
193508 519448
194428 524232
195021 525554
195340 526765
195628 527940
195861 528650
196180 529334
196378 530188
196575 530978
196786 531707
197013 532021
197259 532531
197591 538222
198415 541475
198882 545137
199330 546282
199747 548836
199904 549145
200466 550027
201359 551771
202226 552992
203000 554717
scalyls/format.scaly
5399 5466
5487 5531
5576 5598
5671 5677
5831 5953
5912 6118
5992 6284
6076 6482
6398 6884
6485 7073
6768 7422
7271 9167
7362 9349
7869 17235
8133 28277
8465 28816
8574 29090
8744 29439
9070 30120
10080 34186
10306 34885
10431 35262
10539 35508
10915 36290
scalyls/semantic.scaly
3730 4977
4263 5789
4709 6235
6121 9891
7645 11648
8141 13253
9710 16539
9980 16923
13528 20544
13794 21128
13912 22076
14030 22584
14153 23040
14273 23474
14385 23609
14503 24107
14620 24748
14974 25697
15078 25776
15632 26439
16039 29420
16235 31366
16423 32643
16589 33092
16748 33522
17091 34168
17255 34867
17414 36945
17751 37493
18100 38139
18280 38379
18438 43628
18607 43858
18767 45707
18935 45970
19191 46330
19344 46549
19499 47277
19654 47512
19805 48128
19960 49130
20118 50132
20270 50466
20424 50733
20574 51656
21380 52746
21891 53554
22182 54405
22337 54657
23381 55852
scalyls/tasklens.scaly
5853 6135
6320 8079
6744 9839
7111 10780
7915 12124
8013 12479
8283 13201
scalyls/instlens.scaly
4833 7381
6707 12394
7043 13110
7224 13608
7342 13919
8264 15453
8366 15816
8626 16603
8993 17568
scalyls/storelens.scaly
8167 8510
9119 10157
9235 10718
9955 12448
10109 12847
10467 13827
12424 16018
12536 18167
13199 19183
13340 19326
13713 20721
14448 22264
14742 22657
14900 23235
15264 24155
15427 24422
15576 24901
15735 25184
15866 30248
16191 30786
16622 31929
16788 32893
17252 34188
17450 35366
17625 36195
17718 36596
18447 37767
18545 38123
18766 38704
18876 39121
scalyls/placehints.scaly
4387 4385
4422 4415
4463 4454
4498 4484
4529 4510
4558 4538
5008 5073
5394 6173
6726 8484
6859 8637
7103 10212
7282 11076
7540 11681
8572 13347
9415 16313
10132 19126
10255 20700
10370 21761
10512 22145
11040 22780
11182 23463
11333 23715
11470 24125
11617 24371
11753 24918
11883 30342
12431 30973
13243 31963
14581 34531
14999 35046
16501 37687
16682 38780
17097 41505
17442 42195
17559 42342
17737 43442
scalyls/codelens.scaly
3621 4710
4994 6197
5270 7711
5544 8962
5859 10248
6555 11435
7039 12303
8231 15868
8569 16445
10130 18408
10401 19322
10765 21580
15169 26338
15521 26956
16268 29186
16767 30329
16960 30926
17734 32417
18228 33085
18350 33283
18528 33541
18660 33884
19004 34480
scalyls/docstore.scaly
2384 2382
2628 2624
2664 2655
2939 2930
3195 3628
3430 3916
3691 4717
3941 5337
4176 6027
4398 6696
4645 7673
4804 8263
5580 9153
5712 9400
5957 9924
6229 10365
scalyls/worker.scaly
8684 8679
8715 8742
8746 8804
9179 9268
10079 10256
10586 10994
12096 13045
12425 13666
13430 14721
13795 25710
14864 27084
15203 27451
15446 27933
16148 28653
16782 29275
17428 29911
18076 30549
18734 31199
19387 31844
20130 32579
21028 33467
21664 34093
22323 34742
22977 35386
23616 36017
24221 36610
24696 37073
25634 37999
26123 38478
26625 38972
27094 39433
27594 39925
28092 40415
28697 41012
29264 41569
29991 42286
30710 43016
31400 43696
35604 48355
35682 49799
36142 52854
scalyls/server.scaly
1996 2528
2610 3712
3147 4536
3554 10945
3839 11597
3940 12717
4560 14413
5226 15411
6532 17193
7486 18380
8539 20415
8717 21149
9345 22246
9973 23607
10493 24605
11044 25667
11755 27039
12149 27662
12954 28699
13657 29639
14324 31576
14618 32563
14947 33491
15638 34607
16263 35656
16969 36931
17732 39129
18279 40106
19134 41505
20612 43948
20969 44987
21641 46083
22395 48587
23101 49504
23458 50572
23704 51108
24355 51778
25601 53769
25948 54391
26485 63014
26651 63515
27435 64782
27780 65565
28178 66401
28335 66696
28517 66985
