; where the lines of this interface stand in the package's sources,
; written by compiler/Interface.scaly: after a file's path, the interface
; line starting at the first byte is the source's line starting at the second
http/Text.scaly
379 543
540 866
687 1049
1094 1646
1236 1774
1307 1867
1383 1926
1467 2113
1624 2390
1784 2711
1957 3158
2132 3547
2325 3978
2540 4469
http/Buffer.scaly
751 782
831 846
958 943
1109 1066
1162 1123
1292 1266
1419 1718
1546 2108
1614 2379
1695 2522
1833 3066
1933 3338
http/Request.scaly
1347 1548
1945 2146
2039 2228
2299 2932
2529 3724
2841 4316
3030 4571
3808 9684
http/Date.scaly
679 1104
777 1247
863 1423
http/Response.scaly
1208 1308
1337 1487
1440 1639
1496 2370
1638 2662
1824 3254
1920 3348
2059 3473
2217 4261
2582 4824
http/Server.scaly
1389 1360
1539 1519
1746 1697
1902 1825
2059 1955
2243 2108
2497 2336
2784 3182
3109 3502
3567 4263
3748 4474
3908 6479
4247 6946
