; where the lines of this interface stand in the package's sources,
; written by compiler/Interface.scaly: after a file's path, the interface
; line starting at the first byte is the source's line starting at the second
scaly.scaly
438 689
scaly/memory.scaly
243 482
331 991
422 1717
501 2205
571 2629
scaly/memory/PageList.scaly
441 412
621 646
737 1205
847 1303
scaly/memory/PageListIterator.scaly
176 359
scaly/memory/Page.scaly
443 441
827 823
868 862
1048 1037
2688 2675
3166 3152
3978 3935
4447 5649
4545 8520
5412 9449
5572 9612
5785 9819
5969 10104
6051 10288
6127 10459
6360 10790
6646 11100
6699 11478
6793 12996
6844 13655
6967 19057
7085 21181
7370 21488
7826 22058
7931 22387
8036 22547
8794 23470
8861 24425
9007 24639
10778 27970
scaly/memory/root_pages.scaly
3664 3659
3708 3698
3752 3737
3812 3795
4973 4954
5066 5370
5281 5602
5344 5986
5690 6722
5758 7586
10724 12547
10807 12613
10937 13515
13250 15823
13334 15891
13435 16384
15207 18151
15293 18223
15412 18606
16619 19808
16703 19876
16834 20281
18811 22253
18897 22325
19008 22606
20095 23688
20178 23754
20292 24087
22060 25850
22148 25926
22282 26375
22806 26894
22894 26970
23009 27265
23448 27798
23526 28193
23813 28504
23921 28635
25418 30238
25510 30357
26165 31242
26528 31603
26597 31751
27467 33003
28499 34699
28608 34824
28716 34969
29050 36048
29367 36632
29465 37135
30515 38917
30806 40608
32059 42167
35887 46628
36282 47110
37978 49246
38217 49711
40055 51526
40240 51706
40327 51780
40621 52265
41090 53425
41145 54019
41291 55653
41372 55889
41452 56122
43543 58208
43594 58257
43647 59075
43707 59842
43973 60216
44070 60342
44283 61275
44370 61610
44459 61945
scaly/memory/Region.scaly
2117 2519
2351 3011
2826 3679
3499 4658
4119 5501
4270 5711
4455 6176
4552 6454
4833 7202
4977 7791
5173 9039
5418 9343
5919 14822
7299 16251
7643 16590
7720 16663
7798 16738
8637 17572
8719 17650
8803 17732
8885 17810
8969 17892
9050 17968
9136 18054
9222 18140
9509 18424
scaly/containers.scaly
482 661
558 1271
642 1452
719 2014
804 2983
879 3619
958 4546
1037 10255
1113 11667
1183 12893
1271 14562
1348 15349
1425 16196
scaly/containers/hashing.scaly
1373 1629
2073 2602
2154 3913
scaly/containers/String.scaly
674 659
729 742
762 1979
823 2820
861 3662
909 4528
941 5399
973 5612
1068 6256
1235 6431
1665 6912
1756 7539
1832 7769
1919 7840
2059 7963
2159 8819
2272 9667
2379 10372
2464 11280
2570 11372
2738 12177
2875 12559
3020 13141
3167 13570
3336 13968
3479 14417
3644 14835
3802 15237
3994 15716
4156 16205
scaly/containers/StringIterator.scaly
112 211
216 422
scaly/containers/StringBuilder.scaly
100 71
460 475
492 555
527 659
561 759
610 876
730 973
834 1115
949 1354
1090 1503
1436 2316
1536 2555
1637 2716
1734 2805
2737 3806
scaly/fiber.scaly
27735 27733
27788 27994
28051 28358
28797 30134
31606 32941
31841 33174
31884 33215
32364 33690
32402 33723
32442 33758
32832 34146
32872 34181
32912 34216
33251 34553
33283 34580
33673 34965
33704 34991
33862 35148
34305 35589
34529 35812
34568 35846
35253 36522
35335 36593
35419 36668
35503 36743
35587 36818
35891 37537
35989 38125
37449 39843
37989 40490
38323 42384
38447 42558
38724 43019
39029 43389
39176 43649
39441 44022
39942 46646
40364 47291
43113 50095
44526 51624
44659 52009
44808 52377
45361 53188
45529 53429
45655 53575
46255 54786
46412 55025
46612 55349
47240 56677
47441 57184
47776 58494
47912 59096
48582 60023
48860 60473
49255 61632
49805 62796
49938 63187
50304 64309
50651 64648
51029 68801
51703 69874
52224 70473
52480 70897
52930 71872
54782 73863
54863 73988
55644 75479
56384 76890
56926 77786
57148 78065
57519 78926
57934 81032
58230 82334
58574 83274
58884 84027
59112 84520
59382 85145
59577 85983
59835 86404
60121 86854
60462 87190
60614 87333
60900 87615
61290 88148
61624 88481
62001 88864
62366 89236
62669 89711
62908 90019
63200 90556
63602 91199
63884 91473
64072 91644
64227 92606
65143 95619
65331 95889
65988 97038
66694 98301
70935 102680
71016 102804
71319 103135
71610 103586
71919 103972
72213 104332
72490 104945
72603 105248
72783 105618
74198 110423
74602 112122
75409 115164
75710 116459
76558 118769
78204 120435
78409 121551
78549 121835
80366 124128
80520 124269
81855 125651
82270 126447
82932 127501
83310 128859
83944 129765
84883 130842
84966 130968
86267 132326
86511 132605
86743 132875
87021 134745
87616 136076
87911 137106
88457 138007
88597 138142
88993 138711
89415 139307
90002 141811
92684 144488
92724 144526
92765 144565
92800 144595
92834 144624
92868 144653
92905 144685
92941 144716
92977 144747
93013 144778
93049 144809
93089 144844
93181 144934
93636 147154
93791 147388
93944 147605
94038 147752
94213 148009
94455 148873
94572 149043
94633 149242
94715 149367
94845 149752
95173 150389
95322 150650
95591 151220
95821 152125
95939 152475
96101 152837
96302 153415
96555 154052
96763 154338
96920 154497
97012 154592
97324 155657
97521 157207
97676 157351
97778 157442
scaly/os.scaly
234 415
316 570
399 1523
485 2106
571 2522
655 3210
730 3887
804 4544
scaly/os/Console.scaly
356 414
449 976
scaly/os/File.scaly
690 995
1149 1722
1370 2002
1722 2673
1943 3152
2287 3879
2720 5051
2923 5519
3250 6406
scaly/os/Directory.scaly
520 579
630 779
741 947
852 1110
1074 1522
1208 1925
1286 2213
1364 2474
scaly/os/Path.scaly
207 411
332 653
455 1011
scaly/os/Tcp.scaly
4787 5014
5048 5260
5233 5443
5619 5852
5751 6384
6355 7434
6721 8784
6937 9404
7298 10154
7794 11401
8024 11713
8101 11770
8349 12124
8585 12448
8830 12739
8928 12916
8984 13089
9240 13325
9471 13540
9754 13828
9831 13885
9974 14076
10451 15247
10883 16012
11106 16338
11162 16479
11584 16877
11664 16942
11967 17338
12258 17925
12601 18529
scaly/cluster.scaly
5187 5218
5326 5495
5408 5620
5472 5823
5571 5978
5654 6105
5913 6352
6000 6425
6293 6779
6638 7198
6930 9614
7520 11061
7814 11922
7924 12153
8714 13580
8949 14193
9326 15151
9625 15523
9999 15974
10276 16320
10390 16636
10726 17669
10903 19399
11000 21049
scaly/tensor.scaly
2822 5489
3087 9071
3352 12533
3972 13473
4018 13490
4068 13582
4220 14040
4324 14168
4433 14339
4753 14719
4855 14870
5178 15252
5279 15401
5372 15518
5465 15635
5571 15912
5667 16154
5766 16402
5900 16740
6093 17154
6264 17475
6634 18008
6871 18386
7252 18914
7790 19524
8352 20451
8687 21523
8817 21905
9182 23122
9312 23403
9376 23840
9610 24390
9700 25136
9790 25882
9863 27029
9936 29419
10007 30021
10078 30873
10152 31906
10226 32722
10302 33930
10378 36248
10454 36798
10530 37511
10620 37936
10691 38337
10785 39347
10860 40653
10930 41162
11000 41611
11076 42189
11152 42865
11228 45834
11304 49646
