; where the lines of this interface stand in the package's sources,
; written by compiler/Interface.scaly: after a file's path, the interface
; line starting at the first byte is the source's line starting at the second
pg/Buf.scaly
641 670
744 767
871 890
924 945
1054 1086
1176 1529
1303 1879
1371 2148
1452 2289
1618 2481
1703 2632
1788 2883
2010 3252
2227 3533
2371 3687
2492 4280
2635 4578
2778 4741
pg/Scram.scaly
1292 2311
1442 2720
1630 3481
1874 3986
2373 4648
2683 5134
2774 5216
3116 7568
3202 7648
3377 7863
pg/Conn.scaly
960 931
2427 3012
2504 3066
2698 3689
2773 4006
2921 4323
3080 4817
3295 5418
3377 5528
3504 5735
3709 6262
3858 8595
4091 9406
4282 9822
4354 9991
4419 10230
4618 10904
4781 11471
4963 12181
5105 12777
5277 13676
5365 13762
5513 13951
pg/Pool.scaly
1313 1284
1828 1797
2091 3482
2280 3728
2495 4498
2739 4925
3205 6321
