; where the lines of this interface stand in the package's sources,
; written by compiler/Interface.scaly: after a file's path, the interface
; line starting at the first byte is the source's line starting at the second
scalyc.scaly
252 222
scalyc/compiler.scaly
1326 1719
scalyc/compiler/lexer.scaly
2036 2007
2924 3784
2990 4111
3248 4674
3386 4930
3547 5216
3604 5322
3687 5396
3746 10232
3850 11293
3955 12115
4059 12932
4162 14166
4271 16208
4467 18214
4578 19414
4688 20365
4844 21240
4993 22042
5142 22732
5294 23433
5421 23895
5510 26295
5588 26726
5665 27770
5818 28315
6125 29079
6307 29527
6471 30051
6622 31433
6754 31967
7088 32315
7186 32617
7441 39026
scalyc/compiler/parser.scaly
1080 1065
1196 1893
1332 3953
1472 4156
1606 5928
1740 7283
1885 7938
2063 9087
2205 13216
2339 14041
2471 15835
2639 16959
2771 19393
2911 21393
3065 22462
3253 23636
3422 24498
3556 26617
3686 27559
3831 28840
3986 30166
4116 31826
4286 32955
4420 34310
4556 35179
4692 37331
4861 38267
5047 39436
5197 39933
5351 40250
5495 41081
5652 41965
5816 43079
5944 45030
6098 45349
6240 45645
6401 46584
6583 47743
6746 48260
6905 49188
7081 50332
7238 50840
7372 52083
7504 53322
7666 54431
7792 55248
7960 56372
8092 57512
8256 58626
8384 60440
8520 61264
8658 62092
8794 62916
8926 63719
9056 64583
9190 69669
9338 71513
9488 71825
9648 72157
9804 72481
9954 72793
10128 73932
10266 74783
10396 76224
10545 76721
10715 77850
10849 79162
11004 80108
11174 81237
11325 81736
11459 82502
11601 83516
11771 84645
11905 85549
12085 86703
12229 87520
12369 93533
12503 93945
12652 94847
12826 95986
12964 97360
13094 98619
13226 100050
13396 101179
13530 102587
13654 104570
13782 105026
13910 106027
14040 108037
14208 109161
14340 110305
14504 111419
14632 112394
14762 114359
14894 116249
15020 118530
15158 119345
15322 120459
15450 122294
15624 123433
15762 126524
15888 127336
16014 128148
16148 129433
16280 131171
16430 131483
16564 132772
16718 133625
16896 134774
17038 135925
17185 136802
17340 137683
17504 138797
17632 139594
17762 140424
17934 141558
18070 144065
18218 144888
18375 145717
18531 146035
18685 146350
18838 147107
18985 148271
19130 148760
19279 149491
19426 150218
19558 151706
19684 154514
19831 155007
19963 156292
20131 157416
20263 158223
20401 159165
20535 160005
20682 161307
20814 162107
20948 162911
21072 163695
21196 164479
21360 165593
21488 167395
21633 168183
21807 169322
21962 169827
22098 170965
22244 171270
22399 171787
22549 172098
22697 172397
22784 172474
22852 174165
scalyc/compiler/Modeler.scaly
1177 1172
2200 5152
2337 7805
2666 8636
2977 11647
3132 11906
3516 12927
3715 14683
4360 15823
4550 18368
4925 18785
5489 19636
6670 27366
7048 32711
7181 33197
7518 34686
7708 35074
8064 36000
8234 37218
8407 38059
8591 38279
8764 39467
8931 40728
9316 41281
9585 41686
9775 41976
9956 42442
10143 42894
10340 43971
10504 45129
10825 45511
10973 45746
11085 46527
11451 48831
11667 49453
11872 49657
12193 50403
12373 53181
12555 53323
12777 59998
12894 60570
13230 61973
13444 63828
13818 64319
13988 64832
14289 65804
14644 66250
15279 67539
15422 68824
15816 69832
16245 78111
16633 82561
17026 83918
17356 84561
17799 89665
18063 91683
18508 94268
18867 94702
19136 99175
19413 100761
19842 102969
20257 106556
21026 107321
21314 108029
21915 108777
22580 109587
22831 109985
23597 111093
24126 112698
24376 115613
24663 115869
24922 116117
25167 116817
25584 117665
26094 119226
26272 120338
26864 120997
27475 124384
27690 124870
27936 125281
28331 127150
28591 129404
29044 134945
29359 149064
scalyc/compiler/ConceptIndex.scaly
2790 3163
3112 4188
3517 5223
3674 5866
scalyc/compiler/FunctionIndex.scaly
2766 3387
3139 4917
3324 5587
3543 5993
scalyc/compiler/Interface.scaly
5027 8116
5220 8783
5598 12963
5900 14583
6085 14833
6301 15346
6526 15829
6789 16368
7173 16744
7283 16858
7437 17021
7522 17144
7606 17255
7706 17445
7806 17635
7969 17947
8127 18333
8317 18584
8487 19128
8724 20132
9197 22789
9349 22958
9506 23277
9683 24213
10003 25089
10177 25515
10400 26262
10589 26785
10781 27519
10989 28000
11136 28235
11254 28519
scalyc/compiler/Planner.scaly
9892 9863
10601 10543
11195 11108
13375 13444
13786 14324
14763 15272
18470 21487
18791 21779
21027 25779
21315 26038
24850 30488
24911 30520
68859 84095
69169 84443
69239 84834
69435 85490
70039 87342
70319 87776
70881 88481
71413 89430
71535 89685
71920 90080
72005 90210
72139 90688
76606 98211
76804 98734
77115 99119
79348 104364
80667 107698
80938 108475
81206 109970
81310 110338
81450 110724
81777 111486
81937 116278
82066 119957
82355 120478
83564 121807
84312 123579
84429 123726
84856 124433
85164 126607
85314 127120
87042 128864
87164 130916
87356 131357
87465 131564
87778 132835
88088 133688
88270 133839
88574 134493
88697 134958
89212 136275
89386 137235
89553 137506
89951 137941
90114 138181
90418 139150
91241 141340
92045 143235
92170 143496
93601 144896
94253 146477
94624 147316
95242 148383
95428 148895
96000 149784
96284 150515
96704 151404
97352 152644
97859 155606
99902 157990
100168 158729
100244 165401
100612 167222
101214 169905
101895 170846
102348 171470
102943 173442
103249 174688
103871 175727
104122 176201
104490 177223
105103 178754
105508 179762
105780 180270
106167 182335
106809 183947
107341 184839
107712 185172
107805 185279
108483 186265
108581 186382
109067 188188
109570 189334
110102 191581
110782 193742
112035 197948
112289 198644
112700 199774
113673 201073
114100 201618
114362 202329
114959 202966
116424 205053
117002 206481
117272 207278
117723 208741
118494 210380
119204 211778
119379 212169
119692 212935
120065 213566
120515 214054
120854 214671
122082 216720
123156 217904
123526 218470
124133 219274
124482 220063
127677 223721
128376 224903
129037 225833
129555 227471
130120 229945
130566 232096
132490 234385
132603 234614
132827 235281
133233 235894
134998 238054
135294 238830
135603 239774
136621 241320
137188 241914
137659 242865
138356 244117
138638 245235
139162 248577
139314 252840
139500 253364
139754 253600
140026 254206
140248 254774
140555 255215
141342 256006
141846 256518
142406 257107
142877 257810
143240 258465
143617 259391
143779 259635
144110 260346
145044 262352
145192 262880
145300 263043
145613 263411
146416 268830
147081 270137
147339 272485
147535 273874
147635 274322
147864 276450
148257 277589
151319 281451
151812 286637
152978 304223
153801 306368
156226 308800
156434 309383
156660 309662
156917 310868
157163 314192
157567 316329
157811 319558
158474 321114
158769 321662
158945 322011
159126 325433
159869 328161
160004 329229
161127 331396
161536 332003
161989 332583
162137 333198
162268 334026
162395 334529
162520 334846
162636 335080
162766 336440
162867 337821
163197 339106
163299 339408
163395 339689
163977 344418
164092 344905
164207 345382
164324 346381
164447 347216
164542 347323
164641 347673
164878 352170
165726 354061
166075 355135
167603 357541
167987 360464
169819 362950
170276 366489
171037 369723
171773 371504
172464 373219
173530 384153
175905 388146
176197 388848
176439 390559
177161 394906
177874 396568
178310 398435
178944 400586
179193 402212
179756 403872
179908 404673
180029 405060
180384 416664
181050 419245
181995 421435
183244 425415
184866 427566
187051 431948
188021 433253
188178 433604
188549 441315
189749 444595
190072 444917
191803 446739
192189 456102
192714 456918
193008 457393
193655 459463
193995 460638
195179 463386
196003 465709
196719 466523
198402 472239
199494 476088
200997 478357
202265 480353
202534 480845
203033 487403
203583 488704
204013 489839
204958 498523
205490 499553
206278 503694
206902 533851
207428 559655
207832 571393
208254 594966
208755 631977
209215 637916
209835 792896
210442 803393
211149 831995
211742 836910
212248 909092
212714 912987
213201 914368
213762 915100
213994 917065
214457 926448
214951 927947
216257 929614
216506 931518
216824 935122
218453 936950
218863 937615
219423 943775
220021 946791
220365 979484
221539 995256
222209 997514
223487 999395
223704 1003231
224806 1030100
225287 1031178
225600 1032008
226076 1033644
226362 1036007
226602 1036628
226813 1037065
227041 1037662
227244 1039733
227478 1041956
228382 1043104
229321 1044805
230375 1047454
230618 1047968
230740 1049210
231162 1050088
231609 1050601
232029 1051829
232378 1052345
233953 1053940
236842 1057489
236984 1058084
238554 1063041
239926 1065298
240195 1066554
240347 1102008
241175 1104543
241343 1105125
241732 1105888
242196 1106568
243450 1108754
243878 1110538
244241 1110955
244797 1111634
246108 1117093
246706 1148704
247728 1151140
247910 1152173
248033 1152433
249255 1156219
250154 1159162
251120 1160950
251905 1162668
252010 1162925
252418 1163530
253030 1164824
254066 1169259
254259 1169911
254435 1176971
255540 1180006
257597 1182289
257782 1182802
257970 1183107
258160 1184342
258351 1184876
258536 1185186
258717 1195038
258890 1199581
259708 1209950
260759 1212668
261134 1213486
261591 1214420
261736 1215212
261886 1215462
262027 1219339
262535 1224863
263227 1235659
263852 1236309
264341 1237413
264862 1238967
265777 1240907
267443 1243797
267576 1244362
267681 1244902
267908 1248752
269162 1250336
269319 1250851
269458 1251295
269799 1260720
270103 1261701
270271 1262213
270415 1264688
270560 1265171
271081 1265745
271252 1274463
271826 1275240
271997 1275911
272541 1276770
272725 1277409
273168 1280238
273356 1286573
274223 1298196
274391 1300360
274600 1301191
275121 1303548
275580 1313561
276397 1318085
277374 1320345
278149 1321355
278514 1323241
278638 1323400
278895 1323934
279027 1327358
279169 1327672
279275 1332638
280854 1335656
281344 1337342
281756 1338652
281977 1339053
282256 1342466
282657 1342979
282935 1343385
283333 1344507
283765 1345170
284249 1346403
284546 1346834
284848 1347391
285132 1348062
285510 1349899
285694 1350242
285911 1350868
286655 1354918
287332 1356090
287614 1356755
287917 1362306
289341 1363924
289482 1364361
289644 1364845
289769 1365161
289974 1366249
290399 1368639
290763 1371000
291166 1372713
291628 1377722
291982 1380811
292248 1384162
293444 1386342
293618 1426014
294936 1434486
295997 1437819
296463 1439015
296807 1439935
297051 1440785
297846 1443874
298249 1444685
298369 1445020
298798 1445769
299082 1447840
299310 1448741
299689 1449659
300194 1450967
302502 1454997
302629 1455747
307904 1464033
308712 1465324
310944 1470744
312383 1473046
312662 1474038
314642 1476752
315269 1478191
315676 1479551
318745 1483204
318961 1486880
319100 1487402
319389 1488524
320021 1489219
320762 1491531
321341 1492821
321807 1494143
322397 1495045
322672 1495666
322861 1496524
323465 1497351
325623 1505520
326138 1506591
327506 1511608
328995 1513526
330142 1514772
331431 1517021
331546 1517305
333111 1519147
334978 1521375
335189 1525375
336111 1529043
336349 1529562
337438 1531924
337676 1533239
340379 1536733
342365 1539526
342895 1540169
342987 1540714
343076 1541190
343301 1543665
343946 1545423
344387 1546443
345655 1547986
345827 1548716
347318 1550696
350474 1555032
350718 1557967
350991 1560506
351380 1560984
353143 1563807
357409 1569840
357732 1571237
358385 1579039
359441 1580749
360848 1583873
362902 1588051
363027 1589013
364693 1594360
364864 1632964
367182 1636112
367320 1638248
368389 1639689
369199 1641584
369478 1642358
369904 1643267
370414 1644011
371752 1647481
371863 1650253
373252 1652015
374040 1652911
374143 1653156
374439 1653625
374683 1654072
374943 1655030
375552 1655877
376171 1657707
376927 1659212
377359 1661013
377820 1662657
378035 1663380
378856 1665855
378988 1666723
379111 1672714
379595 1673202
380388 1675904
380884 1676661
381513 1679158
381949 1680177
382958 1681392
384850 1683473
385638 1685296
386027 1686336
386283 1686772
386636 1687952
387315 1689150
387584 1689917
388069 1693132
388521 1694190
388952 1695002
389219 1695709
390580 1698412
390718 1701869
391598 1703560
392568 1707115
393097 1708161
393475 1712253
394763 1717208
395186 1717988
395527 1719290
395660 1719861
395916 1720255
396532 1727883
396643 1728308
396753 1728693
396874 1730927
397595 1731765
397745 1732200
397868 1734003
397999 1736684
398151 1738929
398276 1739514
398552 1740249
398795 1742947
398927 1743770
399836 1747157
400019 1755184
400889 1757956
402956 1764262
403295 1765602
403396 1767011
404176 1785436
404408 1786733
404773 1787839
404956 1789257
405145 1789567
405585 1791114
406074 1793140
406681 1798904
407106 1799712
407326 1800090
407595 1806789
407803 1815996
408119 1816480
409989 1818848
410169 1823657
410469 1824019
410615 1824447
410780 1824703
410916 1826118
411067 1834088
411404 1836670
411586 1837483
411896 1840326
412087 1840924
412664 1845110
412951 1845745
413167 1846923
413307 1847377
413565 1850464
413710 1851035
414018 1851964
414115 1852239
414295 1853917
414414 1854447
414533 1854750
414642 1856832
414745 1864900
416302 1867146
416596 1868993
417021 1873455
417139 1874175
417278 1875317
417407 1876186
417531 1876581
417756 1876914
417864 1877114
418034 1877390
418140 1877731
418305 1886063
418440 1887305
418765 1899215
418913 1899448
419063 1899617
419229 1899764
419401 1901124
419513 1901814
419721 1902516
419843 1903131
420135 1904642
420343 1906010
420625 1908079
420847 1909688
421059 1911087
421188 1912921
421458 1914537
421633 1915413
421709 1915646
421883 1916099
422168 1917450
422434 1919559
422609 1920554
422881 1921729
423153 1922622
423272 1923319
423433 1924061
423544 1924793
423651 1925137
423764 1925828
423898 1926037
424052 1926295
424172 1926736
424273 1930655
424478 1931126
424602 1932167
425074 1932666
425310 1933153
425434 1947177
425604 1949293
425799 1950798
426063 1951457
426341 1953218
426518 1954117
426713 1954990
427011 1956904
427198 1957088
427501 1958016
427653 1958873
427726 1959011
427866 1959933
428031 1961578
428466 1966297
428735 1968461
428850 1969077
428995 1980125
429146 1982472
429280 1984187
429578 1985774
429709 1986182
429839 1986675
430205 2003390
430649 2005282
430841 2007935
430965 2008676
431080 2009400
431193 2010120
431308 2010866
431422 2011610
431681 2012498
431801 2015779
431915 2026978
432199 2032052
432436 2033111
432553 2033419
432699 2033721
432834 2033986
432919 2035422
433206 2036239
433564 2037293
433697 2039780
433997 2040672
434253 2042692
434542 2044420
434751 2045747
435026 2048526
435331 2050242
435433 2050514
435553 2050831
435671 2051144
435842 2051844
435943 2052313
436149 2052629
436281 2053310
437020 2057223
437227 2058860
437496 2060191
437698 2064041
437793 2066537
438219 2069306
438522 2070273
438883 2071360
438982 2072614
439184 2072875
439410 2073213
439501 2073394
439593 2073677
439894 2075288
440030 2075888
440172 2078179
440316 2080048
441087 2085608
441189 2086253
441556 2088903
441793 2089929
441923 2090552
442053 2090900
442283 2092295
442568 2093811
442688 2097707
442882 2113183
443352 2116886
443468 2117407
443813 2119916
444246 2121632
444417 2126368
444532 2127420
444763 2130042
444862 2130413
445607 2133740
445902 2134694
446057 2135873
446241 2139337
448031 2141384
448647 2142562
448998 2144023
449247 2145596
449556 2146557
449788 2148284
449902 2148802
450016 2149097
450535 2157612
450639 2158613
451023 2160215
451320 2161422
453724 2164298
453898 2171382
454716 2172696
456141 2176579
456352 2177355
457911 2182622
458120 2183501
458340 2184600
459624 2197009
460173 2198548
462998 2201405
463123 2201952
463326 2203742
463519 2205114
463687 2212611
463858 2223038
464218 2224385
464862 2231929
465183 2232789
465371 2249818
465556 2250735
465741 2255381
466294 2257057
468014 2260358
470687 2263104
471210 2264029
471533 2265100
472177 2266372
472321 2272156
473603 2273834
474591 2275193
474737 2275735
474876 2275990
475023 2276496
475146 2276723
475283 2277230
475425 2277742
475560 2278548
475686 2280594
475797 2282360
476620 2284404
477373 2287283
477607 2289543
477993 2290116
478279 2290513
478663 2293223
479327 2295136
480421 2296456
480935 2297199
482781 2299168
482868 2299724
482981 2299975
483813 2300900
483962 2303421
485615 2306302
486257 2309938
487129 2311943
487461 2313027
487619 2313478
487721 2333651
487982 2334131
488654 2334914
489608 2336493
489738 2337727
490289 2339542
490400 2347479
492319 2349974
492433 2358758
492548 2362781
492660 2369866
493813 2371138
493914 2373574
494026 2374521
494139 2375115
494235 2379924
494354 2380175
495272 2381206
495401 2381436
495540 2381984
495900 2384431
496171 2385188
496283 2388636
496391 2389395
496500 2390386
496607 2395184
496724 2395429
497236 2397394
497416 2398668
499066 2400466
499473 2401865
499582 2402890
499851 2434200
501291 2437934
501418 2438274
501539 2438756
501654 2439263
501778 2440233
501915 2442268
502055 2442572
502189 2443065
502317 2443578
502454 2444554
503460 2454902
503895 2464022
504361 2464874
505143 2472327
506100 2473249
507195 2478189
507688 2479556
508027 2481818
509553 2486525
510563 2490971
512002 2492417
512378 2493166
512952 2493886
513627 2495192
513973 2502016
515671 2505513
515902 2509371
516650 2512139
517285 2513088
517825 2514541
518340 2515741
518753 2521312
519304 2524563
519813 2531166
521373 2532954
521529 2536649
522061 2545273
522490 2545656
523240 2550995
524326 2552321
524498 2558586
524830 2560032
524966 2560610
526551 2564287
526698 2564969
527086 2565596
527203 2566118
527317 2566643
527550 2568475
527756 2569444
528005 2570459
528230 2570960
528649 2572456
528858 2576785
529602 2580983
529706 2581228
530746 2584956
531575 2589074
531951 2590505
532461 2591293
532734 2592096
532974 2592843
533271 2593980
533511 2594717
533728 2598629
534131 2602418
534319 2602768
534502 2603711
534654 2604183
534823 2605167
535873 2619334
536394 2619903
536808 2620577
537345 2624510
537659 2624851
537984 2625938
538709 2628787
539154 2629839
539476 2631613
539941 2633834
540607 2636374
541145 2637708
541577 2639308
542682 2640852
542913 2641203
543125 2641761
543225 2642060
543734 2643313
545152 2647381
545469 2649002
545904 2660080
546697 2660930
547869 2662491
547973 2662767
548292 2663452
548388 2663548
548484 2663681
548664 2664296
548813 2664671
548930 2665240
549053 2665345
549177 2665694
549302 2666309
549563 2667542
549815 2667999
550098 2668968
550291 2669458
550480 2670256
550581 2670753
551042 2672111
551299 2672389
551559 2673110
551925 2674099
552366 2675099
552773 2676392
553043 2677248
554128 2678513
554726 2680357
555058 2681507
555325 2682524
555648 2683029
555990 2684130
557508 2685886
558102 2687837
558816 2688771
558926 2688871
559503 2689461
559613 2689561
559722 2689659
559831 2689757
559941 2689857
560051 2689959
560163 2690063
560431 2690666
561252 2691816
561985 2692880
562298 2693518
563034 2695112
563754 2696916
564567 2698500
565565 2700226
566126 2708210
566571 2709574
567233 2713307
567433 2713991
567574 2719332
568402 2722033
568733 2722546
569148 2723225
569459 2723623
570409 2724546
570495 2724605
570581 2724664
570682 2724910
570785 2725036
571166 2728356
571357 2728776
571987 2730883
572393 2732025
572705 2732860
573697 2737687
574235 2739247
574947 2740736
575271 2741621
575549 2741986
576830 2743699
577410 2745320
577769 2746740
578327 2748082
578513 2748380
578621 2748580
578820 2749014
579019 2749449
579254 2749766
579883 2750851
580776 2752383
581658 2753613
582007 2754143
582627 2755233
582735 2755843
583333 2759190
585092 2761433
587720 2765006
587842 2765210
587960 2765528
588074 2766145
588175 2766744
588622 2769096
588968 2770485
589998 2771661
590140 2771853
590287 2772673
590434 2773262
590577 2779338
590691 2782953
590818 2783706
592196 2785217
593085 2786231
593187 2786560
593284 2786678
593385 2787454
593480 2787637
593578 2792634
593810 2793087
595033 2794416
595292 2794808
595387 2795010
595702 2795507
596417 2797841
596832 2799956
596989 2802605
597457 2803945
598000 2806156
598117 2806281
598221 2806612
598318 2806732
598419 2807518
598514 2807705
599062 2809300
599173 2810650
599287 2810892
599385 2815554
599487 2815877
601169 2817981
601263 2818163
601359 2818280
601460 2818906
601629 2819287
601804 2819747
601990 2819920
602250 2820766
602408 2821163
602696 2822012
602961 2822639
603064 2823431
603210 2824048
603383 2824478
603619 2826184
605031 2829643
605799 2830505
606257 2831229
606364 2831478
606462 2832381
606559 2837320
607557 2839814
607967 2844159
612800 2849239
613835 2851062
614714 2852307
615088 2853590
615196 2854214
615556 2855020
615809 2855975
615939 2856848
617303 2858513
617687 2859254
618124 2861440
618271 2862029
618396 2863613
618774 2864418
619032 2865381
619316 2867917
619493 2868312
619799 2871597
620087 2872125
620487 2874175
620661 2874765
621050 2876409
621549 2878229
621925 2879199
622108 2879800
622729 2882318
623022 2883623
623753 2884598
623996 2885236
624238 2886211
624454 2889535
625703 2891194
625939 2895078
626168 2895650
626496 2896284
626915 2896944
627147 2897745
627665 2901639
628047 2902556
628733 2903425
628872 2903783
628995 2904139
629113 2904284
629235 2905117
629351 2905333
629470 2910847
629595 2911104
630507 2912218
630639 2916472
631090 2917363
631632 2918856
632133 2919508
632600 2920412
632889 2921144
633261 2923618
633783 2925796
634014 2926487
634441 2987579
scalyc/compiler/TaskPlanner.scaly
2592 2563
8885 10666
9302 11763
9905 12659
10037 12899
10152 13083
10274 13711
10371 20156
10826 21543
11129 22525
11969 23516
12167 24071
12248 24255
12370 24503
12542 24882
12820 25748
13030 28909
13300 32938
13476 34356
13916 35314
14055 35502
14206 35985
14357 36239
14498 36972
14768 43812
15000 44150
15855 45900
16192 47626
16434 48323
16558 48494
16904 50497
17101 51213
17342 51961
17563 52468
17761 53162
18211 54582
18423 55483
18622 57068
19104 57755
19774 58533
19920 58809
20026 59079
20509 60115
21063 60868
21919 62045
22046 63310
22430 64766
22915 65577
23055 67489
23167 68001
23279 68289
23585 69416
23732 70151
23840 71092
23942 73006
24038 81898
24327 82886
24800 83821
26301 85632
26419 86600
26541 87068
27598 88308
27727 91556
28019 92243
28130 92527
28348 93639
28449 94303
28544 94826
28635 96381
28730 102975
28822 104897
29306 105870
29515 108126
29702 108682
30908 109889
31050 110114
31177 114741
31553 116942
31737 117197
32113 118040
32466 118731
32588 119963
32699 120365
32829 120601
32923 121915
33043 122819
33138 128177
33366 128498
33457 130014
34082 135310
34349 136854
34446 137485
34830 138538
34952 140303
scalyc/compiler/StoreEffects.scaly
2496 2467
3406 4283
3671 4903
3821 5485
3937 5665
4054 6069
4166 6459
4267 6755
4474 8050
4693 9891
4910 10393
4992 10992
5361 11807
5453 16184
5581 16376
5833 16743
6004 17240
6194 17886
6471 18202
6567 18638
6645 20341
6743 20552
6860 20721
6941 21118
7048 21721
7130 25627
scalyc/compiler/StackVectors.scaly
2195 2166
2511 2821
2656 3151
2821 3499
3050 3905
3147 5306
3486 5718
3596 5945
3725 6130
3844 8213
3938 10742
4210 11083
4311 11241
4405 11444
4518 11605
4625 11855
4728 12433
4884 13057
4962 18600
scalyc/compiler/PointerCensus.scaly
7850 7821
13171 14832
13602 16991
13698 17085
14101 17794
14212 17952
14336 18162
14491 18462
14679 19298
14930 19759
15668 20753
15934 22239
16026 23633
16110 25066
16234 25584
16372 26169
16784 26733
17024 27412
17205 28383
17361 28846
17456 29505
17560 30304
17678 30781
17802 31589
17919 31711
18378 32908
18678 33356
18845 33826
18960 36292
19094 36857
19376 40050
19473 44597
19763 45018
19845 47491
19930 49995
20054 51252
20190 52139
20385 53362
20564 54124
20756 54842
21046 55525
21170 55731
21476 56500
21672 57127
21836 57587
22147 58742
22767 60457
23168 61148
23305 61390
23541 62116
23819 64775
23946 65488
24246 67797
24828 68500
24966 69136
25147 69755
25247 70082
25348 70289
25467 70464
25756 71732
26027 72603
26123 72981
26374 74382
26467 74699
26787 77736
26952 78127
27131 78804
27339 82970
27531 83782
27846 84644
28161 85981
28335 87075
28531 88179
28925 89216
29029 89704
29131 98454
29394 110769
scalyc/compiler/WriteCensus.scaly
3566 3537
11563 15555
12017 18929
12111 19021
12206 19131
12325 19321
12572 19999
12688 21150
13078 24027
13378 24719
13488 24936
13651 26081
13749 26357
13942 26924
14337 28592
14843 29430
15076 33036
15469 33797
16069 36502
16497 39736
16682 40613
16867 40991
16995 45038
17204 45932
17334 46705
17429 47639
17590 49701
17762 49932
18103 50532
18241 50952
18440 52263
18534 52686
18693 53732
18806 54142
18929 54293
19100 54588
19282 55027
20295 56167
20572 57973
20708 58363
20885 58925
21023 59382
21190 60287
21667 62498
21767 65198
22065 68133
22285 68622
22549 69677
22828 73143
23092 75402
24014 76929
24093 77341
24321 78560
24705 79408
24815 79736
25054 80836
25237 82238
25333 82413
25458 82917
25677 84074
25796 84431
25880 84722
26143 86129
26282 86510
26468 88060
26654 89020
26889 92011
27768 92910
27883 93343
28010 97581
28303 98901
28429 99263
28665 100179
28925 103442
29041 103758
29153 104141
29269 104558
29536 106285
29736 107649
29895 108428
30152 109065
30618 110991
30764 111295
31040 114159
31326 114549
31503 115378
31626 116404
31780 116959
31884 117169
32098 122185
32530 123409
32938 126073
33298 128208
33439 128408
33635 129174
33900 129718
34068 130851
34272 131753
34476 132197
34598 146621
35164 147676
35573 148517
35655 150861
35805 152656
36534 155179
36844 155984
37321 157139
37506 157830
37721 158855
37983 159662
38603 161267
38701 163362
39378 164132
39473 166019
39666 167512
40033 168145
40192 168385
42053 170804
42165 171167
42285 175815
42447 176303
43006 177670
43133 182157
43249 182481
43366 182798
43493 183234
43616 186986
43765 187842
43974 189991
44098 197099
scalyc/compiler/LLVM.scaly
2435 2418
2502 2472
2570 2538
2638 2608
2706 2671
2774 2738
2842 2802
2910 2870
2978 2931
3046 2996
3203 3147
3271 3216
3339 3289
3407 3355
3475 3425
3543 3491
3611 3553
3679 3623
3747 3686
3815 3756
3883 3830
3951 3897
4019 3968
4087 4035
4228 4145
4297 4183
4367 4222
4438 4262
4511 4304
4581 4343
4655 4386
4725 4425
4797 4466
5209 4847
5280 4888
5354 4932
5426 4974
5501 5019
5574 5062
5701 5158
5785 5211
5861 5256
5937 5301
6009 5342
6081 5383
6155 5426
6228 5468
6300 5509
6377 5556
6448 5597
6576 5694
6645 5732
6714 5770
6789 5815
6865 5861
scalyc/compiler/Emitter.scaly
4110 4634
4920 5429
5331 6068
5459 6509
5633 6696
5875 6909
22496 27361
22871 29314
23220 32621
23652 33486
26251 36096
26345 36618
26620 36921
26887 38606
27185 39453
27412 40041
28041 44900
28607 45687
28935 47774
29308 48300
32536 51818
32720 53388
33331 54225
33758 56178
35653 58691
36001 59309
36146 62993
36631 66517
36968 72823
37395 73802
37701 74205
37901 74923
38037 76994
38271 77291
38366 77620
38679 78149
38850 78476
39167 79013
39340 79350
40317 81639
41432 83426
41609 84386
42046 85494
42300 86487
42582 86971
43226 89249
44173 90851
44919 91758
45035 92148
45610 93020
45886 94517
46020 98881
46531 99847
48024 103170
48354 103714
49200 105397
49595 106083
50221 107955
50610 109147
51922 111490
55270 124145
56480 126598
57106 127915
58235 131076
58645 131901
58907 132331
59768 134624
60359 136301
60903 137333
61338 138286
61725 138834
62237 141552
62505 141970
63621 147504
64136 153481
64352 154107
64682 154670
64866 155350
65111 155740
65438 157042
65611 157222
65684 157414
66176 157940
66709 161087
67346 162149
67466 171420
68788 173105
70341 175180
71171 176482
71948 178409
72692 189993
73287 191804
73445 192025
73532 192178
74945 198148
75067 198532
75749 199531
77450 201850
78166 203121
78538 203676
78996 204775
79415 205596
79989 206692
80670 207780
80792 208454
81184 209577
81283 210234
81942 211718
82374 212688
83782 214218
84053 214649
84184 216569
85119 218939
85849 220090
86095 220778
86455 221566
86820 222528
86993 223004
87555 226012
87713 226302
88104 231006
88622 231679
89037 233266
89568 235273
90021 237691
90214 241377
90848 242387
92168 244609
92414 248308
92602 263791
94098 265923
94207 266662
94325 269538
96803 273805
97296 281388
97451 281598
97608 282315
97782 282902
98065 287061
98614 290322
99327 291907
100472 293233
101722 295146
102412 296881
103005 306551
104540 309970
104727 310518
104851 310696
105035 311002
105143 311111
105251 311215
105493 311720
105755 313036
105871 313213
106132 314110
106377 315778
106607 316270
106814 317147
107067 318462
107281 319245
107838 324238
108107 326227
108322 328513
108550 330383
108701 331286
109065 362932
109929 365793
110126 370441
110525 370896
111518 372428
111695 386588
112747 388687
113786 391253
113854 392279
114795 395475
115500 396409
115775 397483
116414 407255
118781 410612
119292 414929
120733 416646
121435 417874
121784 418501
123959 430324
124824 431876
125570 432794
125863 433900
127224 435524
127331 435875
127933 437436
128072 437866
128229 438301
128568 438690
129853 440228
130017 440510
130283 446770
131067 448154
131186 448369
131603 449109
131761 449990
132434 451252
132738 452843
133015 468554
133178 471705
133636 472844
134100 477875
134402 478570
134898 482510
135284 489053
135939 494145
137122 495368
137308 496999
138364 498141
138921 515831
139323 516960
139631 517527
140207 521679
140628 523411
141035 524653
141545 525723
142144 527615
143481 530384
143610 532530
144167 533919
146243 536243
146504 536703
146744 537047
147032 538093
147159 539219
147278 540324
147618 542495
147904 543117
148084 543407
148427 543975
148550 544347
148673 544720
148980 545510
149117 545890
149509 547639
149892 549800
150277 551203
150679 555063
151018 557401
151427 560074
151603 563764
151750 565010
152074 565963
152772 568356
152935 569291
153077 626645
153460 648969
153694 657108
154021 676631
154254 677287
154468 678565
154657 679212
154973 679872
155178 684518
155438 686204
155661 688109
155835 688424
156078 689963
156436 693637
156953 697331
157212 697951
157446 698349
157694 698672
157902 699217
158085 699636
158340 700262
158720 701733
159172 704210
159418 704568
159587 704849
159828 705247
160023 717178
160159 721910
160504 722379
160643 723235
163211 727485
163567 728864
163726 729075
163896 736310
164057 773461
164242 776994
164589 779229
164882 779854
164988 780458
165647 782943
165768 793464
165979 794260
166126 807851
167030 810724
167200 866680
167369 867390
167713 867924
167960 870918
168171 877636
171225 880636
171329 880986
171739 881773
171846 882175
171972 882411
172081 882631
172197 883427
172288 891639
173213 893309
173393 893846
174413 895076
174523 895409
174641 895766
175175 897929
175318 898491
175461 898777
175587 899129
175720 900184
175843 900747
175970 909181
176330 909873
176653 910328
176830 910637
177303 911708
177539 912446
177711 1001886
177908 1005897
178351 1007817
180014 1016229
180982 1017886
181126 1028075
181482 1030277
181650 1030572
181812 1036894
181974 1047512
182204 1056117
183312 1057560
183429 1058616
183973 1062562
184460 1063961
185512 1068378
187013 1074310
187141 1108150
187900 1113998
188912 1115369
189473 1121422
190169 1122432
190468 1123466
190686 1139101
190989 1141069
191340 1141755
191668 1143141
191775 1143458
191904 1165885
192061 1166604
193028 1167934
193232 1175342
193393 1181768
193547 1183982
193711 1184473
194168 1185009
194538 1185879
194642 1186081
194963 1198342
scalyc/tool.scaly
1580 1575
2330 2669
2514 3300
2941 4246
3034 4515
3414 5409
3516 5775
3829 7592
3945 7899
4059 8269
4445 10359
4617 10685
4866 10965
5699 15410
6104 19810
6941 23674
7778 24707
7962 26479
8141 26783
8362 28813
8475 29168
8753 30231
9293 31106
9520 32274
scalyc/lineedit.scaly
1160 1313
1328 1949
1529 2928
1604 3050
1752 3387
1909 3677
2065 3999
2173 4500
2252 4680
2569 10673
2915 11410
3124 12368
scalyc/repl.scaly
2854 2825
3256 4900
3576 5849
3721 6457
4010 6966
4208 7856
4578 12048
5150 14844
5310 15179
5528 16000
5724 17463
5847 17766
6102 18493
6183 18640
6367 19000
6844 20727
7070 22088
7741 25214
7972 26452
8178 27427
8363 27868
8596 28867
8732 30890
8866 31255
9379 39358
9643 40863
9848 42712
9967 42928
scalyc/cli.scaly
2277 2248
5542 6804
5622 6886
5702 6965
6142 16835
6280 17941
6402 20189
7243 21507
8058 22711
9426 24490
9523 25156
9631 25460
10396 26390
10577 27182
10813 27912
11083 28548
11497 31991
11756 33056
12155 34286
12511 35720
12768 69964
13396 70910
14164 72252
14485 73244
14603 73533
14847 74572
15024 75137
15750 78552
16467 80146
16587 82435
16935 84330
17344 85146
17659 85755
17910 86627
18170 89320
18278 91480
18386 92261
18858 94734
19217 95591
19482 96299
19593 97206
20875 99458
21388 100397
21563 100711
22032 102870
22180 103898
22363 105280
22557 106559
